        ("USB_D_PLUS", (25, 54), (81.25, 40.1)),
        ("USB_D_PLUS", (82.75, 1.955), (81.75, 1.955)),
        ("USB_D_PLUS", (82.75, 1.955), (84.8625, 15.95)),
        ("USB_D_PLUS", (84.8625, 15.95), (81.25, 40.1)),
        ("USB_D_PLUS", (87.1375, 15.95), (84.8625, 15.95)),
        ("GND", (77.68, 2.87), (78.75, 1.955)),
        ("GND", (86.32, 2.87), (85.25, 1.955)),
        ("WAKE_A_N", (63.175, 8), (45.525, 8.635)),
        ("WAKE_A_N", (79, 54), (63.175, 8)),
        ("EN", (38.5, 54), (75.175, 46)),
        ("EN", (75.175, 46), (81.25, 26.13)),
        ("VBAT_PROTECTED", (12.475, 42.095), (12.475, 43.365)),
        ("VBAT_PROTECTED", (12.475, 43.365), (12.475, 44.635)),
        ("VBAT_PROTECTED", (12.475, 44.635), (12.475, 45.905)),
        ("VBAT_PROTECTED", (12.475, 45.905), (18.1375, 50)),
        ("VBAT_PROTECTED", (18.1375, 50), (16, 54)),
        ("VBAT_PROTECTED", (18.1375, 50), (27.85, 48)),
        ("VBAT_PROTECTED", (42.425, 48), (27.85, 48)),
        ("VBAT_PROTECTED", (42.425, 48), (50.475, 31.365)),
        ("VBAT_PROTECTED", (50.475, 7.365), (50.475, 31.365)),
        ("VBAT_PROTECTED", (64.825, 8), (70.825, 8)),
        ("VBAT_PROTECTED", (64.825, 8), (50.475, 7.365)),
        ("3V3", (9.175, 40), (11.5, 54)),
        ("3V3", (18.4, 24), (9.175, 40)),
        ("3V3", (28.525, 24), (18.4, 24)),
        ("3V3", (28.525, 24), (30.825, 40)),
        ("3V3", (30.825, 40), (68.5, 47.2)),
        ("3V3", (68.5, 47.2), (76.825, 46)),
        ("3V3", (81.825, 46), (76.825, 46)),
        ("3V3", (81.825, 46), (81.25, 24.86)),
        ("BUCK_FB", (10.825, 40), (14.175, 40)),
        ("BUCK_FB", (14.175, 40), (18.65, 13.905)),
        ("VBAT_FILTERED", (19.175, 40), (24.175, 40)),
        ("VBAT_FILTERED", (24.175, 40), (45.575, 48)),
        ("VBAT_FILTERED", (24.175, 40), (28.525, 12)),
        ("VBAT_FILTERED", (28.525, 12), (13.35, 11.365)),
        ("BUCK_RON", (13.35, 13.905), (25.825, 40)),
        ("LIN_A", (65.175, 20), (47.5, 54)),
        ("LIN_A", (72.95, 20), (65.175, 20)),
        ("LIN_B_TJA", (61, 54), (68.825, 32)),
        ("LIN_B_TJA", (68.825, 32), (50.475, 32.635)),
        ("USB_D_MINUS", (20.5, 54), (81.25, 38.83)),
        ("USB_D_MINUS", (82.25, 1.955), (81.25, 1.955)),
        ("USB_D_MINUS", (82.25, 1.955), (84.8625, 14.05)),
        ("USB_D_MINUS", (84.8625, 14.05), (81.25, 38.83)),
        ("USB_D_MINUS", (87.1375, 14.05), (84.8625, 14.05)),
        ("USB_VBUS", (84.45, 1.955), (79.55, 1.955)),
        ("USB_VBUS", (87.1375, 15), (84.45, 1.955)),
        ("LIN_B", (67.175, 32), (52, 54)),
        ("LIN_B", (76.95, 40), (67.175, 32)),
        ("BOOT_GPIO0", (43, 54), (80.175, 46)),
        ("BOOT_GPIO0", (80.175, 46), (98.75, 40.1)),
        ("INH_A_TP", (50.475, 6.095), (88, 54)),
        ("LIN_A_RXD", (45.525, 6.095), (81.25, 27.4)),
        ("LIN_EN", (45.525, 7.365), (45.525, 31.365)),
        ("LIN_EN", (45.525, 31.365), (63.5, 44.8)),
        ("LIN_EN", (63.5, 44.8), (72.175, 32)),
        ("LIN_EN", (65.5, 54), (63.5, 44.8)),
        ("LIN_A_TXD", (45.525, 9.905), (81.25, 28.67)),
        ("LIN_A_TJA", (56.5, 54), (66.825, 20)),
        ("LIN_A_TJA", (66.825, 20), (50.475, 8.635)),
        ("UART0_RX", (34, 54), (98.75, 28.67)),
        ("CC1", (75.175, 52), (80.75, 1.955)),
        ("CC2", (80.175, 52), (83.75, 1.955)),
        ("ARM_SENSE", (63.5, 47.2), (74.5, 54)),
        ("ARM_SENSE", (74.5, 54), (85.555, 41.35)),
        ("ARM_SENSE", (85.555, 41.35), (77.175, 32)),
        ("LIN_EN_DRIVE", (68.5, 44.8), (70, 54)),
        ("LIN_EN_DRIVE", (81.25, 37.56), (68.5, 44.8)),
        ("UART0_TX", (29.5, 54), (98.75, 27.4)),
        ("BUCK_SW", (13.6, 24), (22.775, 36)),
        ("BUCK_SW", (18.65, 10.095), (13.6, 24)),
        ("BUCK_BST", (18.65, 11.365), (21.225, 36)),
        ("WAKE_B_N", (45.525, 32.635), (83.5, 54)),
        ("WAKE_B_N", (69.175, 8), (45.525, 32.635)),
        ("BUCK_EN", (13.35, 12.635), (20.825, 40)),
        ("BUCK_PGOOD", (18.65, 12.635), (29.175, 40)),
        ("LIN_B_RXD", (45.525, 30.095), (81.25, 29.94)),
        ("LIN_B_TXD", (45.525, 33.905), (81.25, 31.21)),
        ("INH_B_TP", (50.475, 30.095), (92.5, 54)),
        ("VBAT_IN", (7.525, 42.095), (7.525, 43.365)),
        ("VBAT_IN", (7.525, 43.365), (7.525, 44.635)),
        ("VBAT_IN", (7.525, 44.635), (13.8625, 50)),
